start=2150.897285
pause=yes
volume=70.000000
